1670899616811 23.192869186401367 0
1670899616869 23.18488121032715 1
1670899616922 23.176050186157227 2
1670899616959 23.16802215576172 3
1670899617023 23.159744262695312 4
1670899617127 23.151565551757812 5
1670899617190 23.14340591430664 6
1670899617228 23.135042190551758 7
1670899617281 23.12686538696289 8
1670899617334 23.118762969970703 9
1670899617388 23.110794067382812 10
1670899617426 23.10240364074707 11
1670899617463 23.094266891479492 12
1670899617521 23.086030960083008 13
1670899617680 23.07783317565918 14
1670899617734 23.069683074951172 15
1670899617797 23.06139373779297 16
1670899617853 23.05318832397461 17
1670899617892 23.045082092285156 18
1670899617928 23.036874771118164 19
1670899617965 23.028671264648438 20
1670899618021 23.020782470703125 21
1670899618057 23.012258529663086 22
1670899618093 23.004186630249023 23
1670899618127 22.99580192565918 24
1670899618162 22.987581253051758 25
1670899618201 22.97964096069336 26
1670899618236 22.9711971282959 27
1670899618270 22.963043212890625 28
1670899618323 22.95507049560547 29
1670899618360 22.9466609954834 30
1670899618397 22.938453674316406 31
1670899618434 22.930213928222656 32
1670899618471 22.922103881835938 33
1670899618508 22.9141845703125 34
1670899618545 22.90569305419922 35
1670899618598 22.897443771362305 36
1670899618634 22.88949966430664 37
1670899618694 22.881059646606445 38
1670899619016 22.872861862182617 39
1670899619060 22.86504364013672 40
1670899619096 22.856725692749023 41
1670899619131 22.84857177734375 42
1670899619166 22.84024429321289 43
1670899619221 22.83205795288086 44
1670899619258 22.823843002319336 45
1670899619310 22.81568717956543 46
1670899619365 22.807737350463867 47
1670899619401 22.799589157104492 48
1670899619437 22.791061401367188 49
1670899619474 22.782926559448242 50
1670899619509 22.774892807006836 51
1670899619544 22.7664794921875 52
1670899619582 22.758386611938477 53
1670899619639 22.75029182434082 54
1670899619678 22.74209213256836 55
1670899619715 22.73396110534668 56
1670899619756 22.725778579711914 57
1670899619793 22.717517852783203 58
1670899619830 22.709346771240234 59
1670899619866 22.701427459716797 60
1670899619918 22.692869186401367 61
1670899619955 22.684829711914062 62
1670899619994 22.676563262939453 63
1670899620032 22.66854476928711 64
1670899620094 22.660219192504883 65
1670899620152 22.652021408081055 66
1670899620196 22.643795013427734 67
1670899620251 22.635658264160156 68
1670899620313 22.62750816345215 69
1670899620353 22.619319915771484 70
1670899620392 22.61117935180664 71
1670899620434 22.602956771850586 72
1670899620488 22.59473991394043 73
1670899620542 22.586599349975586 74
1670899620578 22.578380584716797 75
1670899620615 22.570369720458984 76
1670899620651 22.56226921081543 77
1670899620689 22.553863525390625 78
1670899620725 22.545576095581055 79
1670899620760 22.537425994873047 80
1670899620823 22.529399871826172 81
1670899620859 22.52134132385254 82
1670899620896 22.51292610168457 83
1670899620951 22.504648208618164 84
1670899621002 22.49653434753418 85
1670899621038 22.488393783569336 86
1670899621096 22.48023796081543 87
1670899621134 22.471952438354492 88
1670899621170 22.46371841430664 89
1670899621208 22.45547866821289 90
1670899621244 22.447284698486328 91
1670899621279 22.439130783081055 92
1670899621315 22.430994033813477 93
1670899621351 22.422943115234375 94
1670899622094 22.414621353149414 95
1670899622133 22.406326293945312 96
1670899622185 22.39826202392578 97
1670899622265 22.39008903503418 98
1670899622303 22.381732940673828 99
