1670901069120 22.850717544555664 0
1670901069232 22.115434646606445 1
1670901069297 21.2549991607666 2
1670901069343 20.200223922729492 3
1670901069394 18.76653480529785 4
1670901069467 16.94413185119629 5
1670901069541 14.898955345153809 6
1670901069717 12.861417770385742 7
1670901069772 10.548985481262207 8
1670901069827 7.780521392822266 9
1670901069899 5.590508460998535 10
1670901069972 4.959658622741699 11
1670901070047 4.070618152618408 12
1670901070106 3.1940622329711914 13
1670901070188 2.8440473079681396 14
1670901070245 2.6477861404418945 15
1670901070300 2.4998693466186523 16
1670901070349 2.4000484943389893 17
1670901070399 2.2629525661468506 18
1670901070464 2.1830639839172363 19
1670901070521 2.1269900798797607 20
1670901070603 2.0655574798583984 21
1670901070660 2.026789426803589 22
1670901070709 1.995400309562683 23
1670901071129 1.9957504272460938 24
1670901071185 1.9643738269805908 25
1670901071252 1.9451440572738647 26
1670901071300 1.9351541996002197 27
1670901071364 1.921250820159912 28
1670901071415 1.9209184646606445 29
1670901071482 1.8940492868423462 30
1670901071540 1.9053101539611816 31
1670901071588 1.8857401609420776 32
1670901071656 1.8633321523666382 33
1670901071702 1.8677725791931152 34
1670901071767 1.852615237236023 35
1670901071831 1.8495488166809082 36
1670901071880 1.8407799005508423 37
1670901071926 1.8371258974075317 38
1670901071980 1.8296180963516235 39
1670901072033 1.8350178003311157 40
1670901072104 1.814090371131897 41
1670901072157 1.8330501317977905 42
1670901072210 1.820744514465332 43
1670901072264 1.8007289171218872 44
1670901072315 1.814127802848816 45
1670901072362 1.7853537797927856 46
1670901072413 1.7817028760910034 47
1670901072475 1.782377004623413 48
1670901072531 1.7819017171859741 49
1670901072579 1.7771358489990234 50
1670901072624 1.759070634841919 51
1670901072672 1.7587965726852417 52
1670901072721 1.7487175464630127 53
1670901072782 1.7551443576812744 54
1670901072832 1.7493252754211426 55
1670901072896 1.7612897157669067 56
1670901072946 1.7692543268203735 57
1670901072998 1.7587053775787354 58
1670901073046 1.7410818338394165 59
1670901073093 1.7217414379119873 60
1670901073168 1.7349367141723633 61
1670901073234 1.710516333580017 62
1670901073280 1.7208672761917114 63
1670901073332 1.711957335472107 64
1670901073383 1.731217622756958 65
1670901073431 1.6938209533691406 66
1670901073479 1.6991653442382812 67
1670901073527 1.692887544631958 68
1670901073592 1.699822187423706 69
1670901073645 1.6910253763198853 70
1670901073696 1.6886146068572998 71
1670901073753 1.6794922351837158 72
1670901073809 1.6792975664138794 73
1670901073861 1.6783764362335205 74
1670901073920 1.6886982917785645 75
1670901073969 1.7154844999313354 76
1670901074041 1.695602297782898 77
1670901075090 1.6687755584716797 78
1670901075146 1.6686650514602661 79
1670901075214 1.6578232049942017 80
1670901075268 1.6500548124313354 81
1670901075335 1.6459673643112183 82
1670901075398 1.654205083847046 83
1670901075456 1.647192120552063 84
1670901075506 1.6603550910949707 85
1670901075563 1.6622856855392456 86
1670901075629 1.6632996797561646 87
1670901075679 1.6387591361999512 88
1670901075726 1.6201387643814087 89
1670901075779 1.6221678256988525 90
1670901075848 1.6326793432235718 91
1670901075903 1.6366158723831177 92
1670901075961 1.645975112915039 93
1670901076028 1.6511894464492798 94
1670901076105 1.6632846593856812 95
1670901076162 1.6197657585144043 96
1670901076243 1.59770667552948 97
1670901076300 1.6056900024414062 98
1670901076368 1.5967665910720825 99
