1670899968605 22.088905334472656 0
1670899968693 21.208160400390625 1
1670899968738 20.40728759765625 2
1670899968797 19.57059669494629 3
1670899968861 18.74342918395996 4
1670899968961 17.942716598510742 5
1670899969023 17.150371551513672 6
1670899969067 16.317359924316406 7
1670899969113 15.495200157165527 8
1670899969173 14.710175514221191 9
1670899969215 13.908829689025879 10
1670899969273 13.097328186035156 11
1670899969315 12.259969711303711 12
1670899969370 11.497395515441895 13
1670899969419 10.679842948913574 14
1670899969604 9.876969337463379 15
1670899969645 9.106379508972168 16
1670899969688 8.343070030212402 17
1670899969729 7.584715843200684 18
1670899969771 6.90972375869751 19
1670899969813 6.348588943481445 20
1670899969854 5.754330635070801 21
1670899969893 5.272579669952393 22
1670899969948 4.814427375793457 23
1670899969987 4.373961925506592 24
1670899970030 3.9519734382629395 25
1670899970074 3.510209798812866 26
1670899970117 3.21036696434021 27
1670899970172 2.952389717102051 28
1670899970210 2.8196940422058105 29
1670899970265 2.7000207901000977 30
1670899970305 2.626251459121704 31
1670899970345 2.5626943111419678 32
1670899970389 2.567378044128418 33
1670899970448 2.5278737545013428 34
1670899970503 2.548628568649292 35
1670899970548 2.5395612716674805 36
1670899970604 2.5494773387908936 37
1670899970661 2.493868350982666 38
1670899970700 2.4916977882385254 39
1670899970740 2.4994912147521973 40
1670899970794 2.5199666023254395 41
1670899970832 2.4962165355682373 42
1670899971251 2.54671573638916 43
1670899971287 2.4828085899353027 44
1670899971344 2.4864354133605957 45
1670899971381 2.4711480140686035 46
1670899971419 2.48238468170166 47
1670899971466 2.5151264667510986 48
1670899971504 2.563105583190918 49
1670899971566 2.476478099822998 50
1670899971625 2.4783856868743896 51
1670899971681 2.4949891567230225 52
1670899971723 2.4952263832092285 53
1670899971779 2.487013816833496 54
1670899971822 2.4988553524017334 55
1670899971878 2.470607280731201 56
1670899971933 2.4700303077697754 57
1670899971972 2.4843146800994873 58
1670899972018 2.466564893722534 59
1670899972057 2.472965955734253 60
1670899972111 2.4718074798583984 61
1670899972150 2.475257396697998 62
1670899972197 2.472315549850464 63
1670899972244 2.4786882400512695 64
1670899972303 2.4707467555999756 65
1670899972359 2.4680771827697754 66
1670899972415 2.5001730918884277 67
1670899972474 2.480872869491577 68
1670899972517 2.4970760345458984 69
1670899972556 2.4982004165649414 70
1670899972597 2.4843289852142334 71
1670899972635 2.50449538230896 72
1670899972691 2.603142023086548 73
1670899972730 2.56205677986145 74
1670899972769 2.5337226390838623 75
1670899972808 2.476038932800293 76
1670899972846 2.5295634269714355 77
1670899972885 2.50417160987854 78
1670899972923 2.4878387451171875 79
1670899972993 2.4717516899108887 80
1670899973049 2.509077548980713 81
1670899973086 2.4960973262786865 82
1670899973123 2.4653995037078857 83
1670899973177 2.46443772315979 84
1670899973218 2.5329437255859375 85
1670899973296 2.5448174476623535 86
1670899973378 2.4756839275360107 87
1670899973461 2.4876043796539307 88
1670899973593 2.479113817214966 89
1670899973760 2.493605136871338 90
1670899973901 2.494201421737671 91
1670899973998 2.4777536392211914 92
1670899974133 2.466789484024048 93
1670899974207 2.497150182723999 94
1670899974377 2.472241163253784 95
1670899974468 2.474846363067627 96
1670899974563 2.474759340286255 97
1670899974657 2.470487117767334 98
1670899975959 2.487009048461914 99
